{
    "Name": "Kartal_T1",
    "Number_of_nodes": 13,
    "Vehicle_capacity": 8425,
    "Total_supply_at_depot": 50551.0,
    "Maximum_tour_limit": 33640,
    "Number_of_vehicles": 3,
    "Total_travel_time_epsilon": 85782.0,
    "Gamma": 1.0,
    "Shortest_distances": {
        "(0, 1)": 4188,
        "(1, 0)": 4188,
        "(0, 2)": 3118,
        "(2, 0)": 3118,
        "(0, 3)": 5362,
        "(3, 0)": 5362,
        "(0, 4)": 5032,
        "(4, 0)": 5032,
        "(0, 5)": 4547,
        "(5, 0)": 4547,
        "(0, 6)": 4119,
        "(6, 0)": 4119,
        "(0, 7)": 4130,
        "(7, 0)": 4130,
        "(0, 8)": 3364,
        "(8, 0)": 3364,
        "(0, 9)": 3135,
        "(9, 0)": 3135,
        "(0, 10)": 847,
        "(10, 0)": 847,
        "(0, 11)": 1156,
        "(11, 0)": 1156,
        "(0, 12)": 1012,
        "(12, 0)": 1012,
        "(1, 2)": 1866,
        "(2, 1)": 1866,
        "(1, 3)": 1406,
        "(3, 1)": 1406,
        "(1, 4)": 1786,
        "(4, 1)": 1786,
        "(1, 5)": 4403,
        "(5, 1)": 4403,
        "(1, 6)": 4263,
        "(6, 1)": 4263,
        "(1, 7)": 1300,
        "(7, 1)": 1300,
        "(1, 8)": 5121,
        "(8, 1)": 5121,
        "(1, 9)": 5563,
        "(9, 1)": 5563,
        "(1, 10)": 3960,
        "(10, 1)": 3960,
        "(1, 11)": 3099,
        "(11, 1)": 3099,
        "(1, 12)": 4859,
        "(12, 1)": 4859,
        "(2, 3)": 2486,
        "(3, 2)": 2486,
        "(2, 4)": 1941,
        "(4, 2)": 1941,
        "(2, 5)": 2727,
        "(5, 2)": 2727,
        "(2, 6)": 2501,
        "(6, 2)": 2501,
        "(2, 7)": 2787,
        "(7, 2)": 2787,
        "(2, 8)": 3258,
        "(8, 2)": 3258,
        "(2, 9)": 3737,
        "(9, 2)": 3737,
        "(2, 10)": 2580,
        "(10, 2)": 2580,
        "(2, 11)": 2375,
        "(11, 2)": 2375,
        "(2, 12)": 4033,
        "(12, 2)": 4033,
        "(3, 4)": 995,
        "(4, 3)": 995,
        "(3, 5)": 4329,
        "(5, 3)": 4329,
        "(3, 6)": 4330,
        "(6, 3)": 4330,
        "(3, 7)": 2542,
        "(7, 3)": 2542,
        "(3, 8)": 5558,
        "(8, 3)": 5558,
        "(3, 9)": 6138,
        "(9, 3)": 6138,
        "(3, 10)": 4983,
        "(10, 3)": 4983,
        "(3, 11)": 4354,
        "(11, 3)": 4354,
        "(3, 12)": 6129,
        "(12, 3)": 6129,
        "(4, 5)": 3356,
        "(5, 4)": 3356,
        "(4, 6)": 3388,
        "(6, 4)": 3388,
        "(4, 7)": 3082,
        "(7, 4)": 3082,
        "(4, 8)": 4719,
        "(8, 4)": 4719,
        "(4, 9)": 5351,
        "(9, 4)": 5351,
        "(4, 10)": 4521,
        "(10, 4)": 4521,
        "(4, 11)": 4161,
        "(11, 4)": 4161,
        "(4, 12)": 5901,
        "(12, 4)": 5901,
        "(5, 6)": 440,
        "(6, 5)": 440,
        "(5, 7)": 5491,
        "(7, 5)": 5491,
        "(5, 8)": 2025,
        "(8, 5)": 2025,
        "(5, 9)": 2805,
        "(9, 5)": 2805,
        "(5, 10)": 3710,
        "(10, 5)": 3710,
        "(5, 11)": 4437,
        "(11, 5)": 4437,
        "(5, 12)": 5554,
        "(12, 5)": 5554,
        "(6, 7)": 5287,
        "(7, 6)": 5287,
        "(6, 8)": 1659,
        "(8, 6)": 1659,
        "(6, 9)": 2433,
        "(9, 6)": 2433,
        "(6, 10)": 3279,
        "(10, 6)": 3279,
        "(6, 11)": 4052,
        "(11, 6)": 4052,
        "(6, 12)": 5123,
        "(12, 6)": 5123,
        "(7, 8)": 5869,
        "(8, 7)": 5869,
        "(7, 9)": 6178,
        "(9, 7)": 6178,
        "(7, 10)": 4169,
        "(10, 7)": 4169,
        "(7, 11)": 2974,
        "(11, 7)": 2974,
        "(7, 12)": 4555,
        "(12, 7)": 4555,
        "(8, 9)": 780,
        "(9, 8)": 780,
        "(8, 10)": 2560,
        "(10, 8)": 2560,
        "(8, 11)": 3770,
        "(11, 8)": 3770,
        "(8, 12)": 4263,
        "(12, 8)": 4263,
        "(9, 10)": 2430,
        "(10, 9)": 2430,
        "(9, 11)": 3768,
        "(11, 9)": 3768,
        "(9, 12)": 3924,
        "(12, 9)": 3924,
        "(10, 11)": 1380,
        "(11, 10)": 1380,
        "(10, 12)": 1843,
        "(12, 10)": 1843,
        "(11, 12)": 1775,
        "(12, 11)": 1775,
        "(0, 14)": 0,
        "(1, 14)": 0,
        "(2, 14)": 0,
        "(3, 14)": 0,
        "(4, 14)": 0,
        "(5, 14)": 0,
        "(6, 14)": 0,
        "(7, 14)": 0,
        "(8, 14)": 0,
        "(9, 14)": 0,
        "(10, 14)": 0,
        "(11, 14)": 0,
        "(12, 14)": 0
    },
    "Node_info": {
        "0": {
            "demand": 0,
            "coordinates": [
                0.0,
                0.0
            ]
        },
        "1": {
            "demand": 899.0,
            "coordinates": [
                -5175.52516080007,
                -1457.706872078
            ]
        },
        "2": {
            "demand": 2171.0,
            "coordinates": [
                -4097.98726619989,
                224.72727610467
            ]
        },
        "3": {
            "demand": 708.0,
            "coordinates": [
                -6937.09516080002,
                -1020.21534207756
            ]
        },
        "4": {
            "demand": 209.0,
            "coordinates": [
                -6630.07142520008,
                -49.68640287424
            ]
        },
        "5": {
            "demand": 464.0,
            "coordinates": [
                -4585.00516079994,
                2933.90657792224
            ]
        },
        "6": {
            "demand": 582.0,
            "coordinates": [
                -4068.85516080016,
                2732.41556792236
            ]
        },
        "7": {
            "demand": 431.0,
            "coordinates": [
                -4272.39401819988,
                -2565.92398051085
            ]
        },
        "8": {
            "demand": 495.0,
            "coordinates": [
                -1921.22716080007,
                3039.77284892231
            ]
        },
        "9": {
            "demand": 2947.0,
            "coordinates": [
                -894.02445839991,
                3069.08725275844
            ]
        },
        "10": {
            "demand": 31860.0,
            "coordinates": [
                -741.31530929991,
                635.63369262129
            ]
        },
        "11": {
            "demand": 31160.0,
            "coordinates": [
                -1214.25007890002,
                -700.99153191237
            ]
        },
        "12": {
            "demand": 284.0,
            "coordinates": [
                1117.0648391999,
                -554.89356207777
            ]
        }
    }
}